1      346.    331. 0.00  1.00
2      263.    317. 0.00  1.00
3      164.    304. 0.00  1.00
4      164.    296. 0.00  1.00
5      162.    292. 0.00  1.00
6      185.    294. 0.00  1.00
7      184.    287. 0.00  1.00
8      334.    294. 0.00  1.00
9      255.    287. 0.00  1.00
10     253.    286. 0.00  1.00
11     267.    281. 0.00  1.00
12     293.    281. 0.00  1.00
13     270.    276. 0.00  1.00
14     255.    273. 0.00  1.00
15     246.    274. 0.00  1.00
16     237.    270. 0.00  1.00
17     171.    269. 0.00  1.00
18     147.    273. 0.00  1.00
19     160.    260. 0.00  1.00
20     172.    260. 0.00  1.00
21     198.    260. 0.00  1.00
22     266.    259. 0.00  1.00
23     258.    255. 0.00  1.00
24     287.    255. 0.00  1.00
25     295.    255. 0.00  1.00
26     287.    251. 0.00  1.00
27     272.    252. 0.00  1.00
28     289.    246. 0.00  1.00
29     273.    245. 0.00  1.00
30     265.    245. 0.00  1.00
31     265.    242. 0.00  1.00
32     283.    243. 0.00  1.00
33     286.    243. 0.00  1.00
34     287.    240. 0.00  1.00
35     283.    240. 0.00  1.00
36     280.    240. 0.00  1.00
37     266.    240. 0.00  1.00
38     198.    241. 0.00  1.00
39     337.    238. 0.00  1.00
40     186.    236. 0.00  1.00
41     178.    235. 0.00  1.00
42     249.    227. 0.00  1.00
43     264.    224. 0.00  1.00
44     246.    223. 0.00  1.00
45     243.    223. 0.00  1.00
46     244.    219. 0.00  1.00
47     239.    218. 0.00  1.00
48     170.    226. 0.00  1.00
49     193.    223. 0.00  1.00
50     184.    222. 0.00  1.00
51     186.    220. 0.00  1.00
52     182.    219. 0.00  1.00
53     308.    219. 0.00  1.00
54     337.    215. 0.00  1.00
55     382.    215. 0.00  1.00
56     331.    214. 0.00  1.00
57     318.    214. 0.00  1.00
58     317.    214. 0.00  1.00
59     315.    214. 0.00  1.00
60     310.    214. 0.00  1.00
61     308.    215. 0.00  1.00
62     304.    214. 0.00  1.00
63     301.    214. 0.00  1.00
64     290.    214. 0.00  1.00
65     310.    211. 0.00  1.00
6      310.    210. 0.00  1.00
67     304.    209. 0.00  1.00
68     305.    211. 0.00  1.00
69     283.    211. 0.00  1.00
70     278.    211. 0.00  1.00
71     267.    213. 0.00  1.00
72     274.    209. 0.00  1.00
73     268.    209. 0.00  1.00
74     265.    209. 0.00  1.00
75     283.    208. 0.00  1.00
76     275.    205. 0.00  1.00
77     281.    204. 0.00  1.00
78     287.    204. 0.00  1.00
79     282.    202. 0.00  1.00
80     288.    201. 0.00  1.00
81     272.    202. 0.00  1.00
82     268.    202. 0.00  1.00
83     272.    201. 0.00  1.00
84     267.    200. 0.00  1.00
85     270.    199. 0.00  1.00
86     270.    196. 0.00  1.00
87     295.    209. 0.00  1.00
88     302.    209. 0.00  1.00
89     305.    209. 0.00  1.00
90     309.    206. 0.00  1.00
91     301.    205. 0.00  1.00
92     304.    204. 0.00  1.00
93     301.    204. 0.00  1.00
94     319.    204. 0.00  1.00
95     315.    204. 0.00  1.00
96     312.    201. 0.00  1.00
97     319.    201. 0.00  1.00
98     315.    199. 0.00  1.00
99     321.    199. 0.00  1.00
100    318.    197. 0.00  1.00
101    301.    197. 0.00  1.00
102    308.    199. 0.00  1.00
103    308.    197. 0.00  1.00
104    308.    195. 0.00  1.00
105    312.    195. 0.00  1.00
106    299.    195. 0.00  1.00
107    295.    195. 0.00  1.00
108    246.    202. 0.00  1.00
109    253.    200. 0.00  1.00
110    244.    196. 0.00  1.00
111    249.    196. 0.00  1.00
112    253.    195. 0.00  1.00
113    117.    196. 0.00  1.00
114    154.    196. 0.00  1.00
115    259.    192. 0.00  1.00
116    252.    192. 0.00  1.00
117    243.    192. 0.00  1.00
118    249.    191. 0.00  1.00
119    256.    190. 0.00  1.00
120    245.    188. 0.00  1.00
121    249.    188. 0.00  1.00
122    242.    187. 0.00  1.00
123    246.    186. 0.00  1.00
124    245.    183. 0.00  1.00
125    249.    183. 0.00  1.00
126    248.    179. 0.00  1.00
127    256.    184. 0.00  1.00
128    263.    183. 0.00  1.00
129    233.    186. 0.00  1.00
130    235.    183. 0.00  1.00
131    289.    187. 0.00  1.00
132    169.    186. 0.00  1.00
133    167.    183. 0.00  1.00
134    111.    173. 0.00  1.00
135    304.    174. 0.00  1.00
136    244.    165. 0.00  1.00
137    246.    156. 0.00  1.00
138    277.    155. 0.00  1.00
139    273.    151. 0.00  1.00
140    281.    151. 0.00  1.00
141    286.    151. 0.00  1.00
142    308.    152. 0.00  1.00
143    312.    152. 0.00  1.00
144    238.    138. 0.00  1.00
145    241.    129. 0.00  1.00
146    295.    125. 0.00  1.00
147    309.    113. 0.00  1.00
1      164.    341.  1.00 0.00
2      166.    333.  1.00 0.00
3      224.    326.  1.00 0.00
4      328.    333.  1.00 0.00
5      161.    290.  1.00 0.00
6      151.    285.  1.00 0.00
7      184.    283.  1.00 0.00
8      267.    281.  1.00 0.00
9      269.    276.  1.00 0.00
10     182.    270.  1.00 0.00
11     140.    269.  1.00 0.00
12     176.    260.  1.00 0.00
13     211.    259.  1.00 0.00
14     197.    252.  1.00 0.00
15     224.    250.  1.00 0.00
16     141.    242.  1.00 0.00
17     170.    236.  1.00 0.00
18     235.    236.  1.00 0.00
19     190.    232.  1.00 0.00
20     186.    229.  1.00 0.00
21     195.    227.  1.00 0.00
22     189.    224.  1.00 0.00
23     165.    226.  1.00 0.00
24     148.    224.  1.00 0.00
25     234.    231.  1.00 0.00
26     243.    229.  1.00 0.00
27     229.    228.  1.00 0.00
28     235.    226.  1.00 0.00
29     222.    226.  1.00 0.00
30     231.    222.  1.00 0.00
31     232.    219.  1.00 0.00
32     176.    222.  1.00 0.00
33     163.    219.  1.00 0.00
34     190.    218.  1.00 0.00
35     118.    222.  1.00 0.00
36     234.    209.  1.00 0.00
37     237.    205.  1.00 0.00
38     143.    200.  1.00 0.00
39     143.    197.  1.00 0.00
40     151.    193.  1.00 0.00
41     169.    195.  1.00 0.00
42     194.    195.  1.00 0.00
43     232.    191.  1.00 0.00
44     210.    188.  1.00 0.00
45     200.    187.  1.00 0.00
46     227.    184.  1.00 0.00
47     229.    183.  1.00 0.00
48     234.    183.  1.00 0.00
49     239.    186.  1.00 0.00
50     243.    183.  1.00 0.00
51     210.    181.  1.00 0.00
52     238.    163.  1.00 0.00
53     202.    159.  1.00 0.00
54     195.    159.  1.00 0.00
55     155.    155.  1.00 0.00
56     212.    151.  1.00 0.00
57     183.    149.  1.00 0.00
58     309.    145.  1.00 0.00
59     163.    140.  1.00 0.00
60     188.    137.  1.00 0.00
61     218.    136.  1.00 0.00
62     248.    133.  1.00 0.00
63     292.    137.  1.00 0.00
64     293.    136.  1.00 0.00
65     236.    131.  1.00 0.00
66     188.    131.  1.00 0.00
67     154.    128.  1.00 0.00
68     157.    128.  1.00 0.00
69     159.    128.  1.00 0.00
70     173.    129.  1.00 0.00
71     220.    128.  1.00 0.00
72     224.    129.  1.00 0.00
73     228.    129.  1.00 0.00
74     237.    127.  1.00 0.00
75     240.    124.  1.00 0.00
76     143.    111.  1.00 0.00
77     239.    111.  1.00 0.00
78     252.    109.  1.00 0.00
79     259.    104.  1.00 0.00
80     252.    104.  1.00 0.00
81     247.    104.  1.00 0.00
82     190.    104.  1.00 0.00
83     178.    100.  1.00 0.00
84     189.    100.  1.00 0.00
85     178.     96.  1.00 0.00
86     190.     95.  1.00 0.00
87     183.     95.  1.00 0.00
88     187.     93.  1.00 0.00
89     180.     91.  1.00 0.00
90     190.     90.  1.00 0.00
91     187.     87.  1.00 0.00
92     239.     93.  1.00 0.00
93     275.     84.  1.00 0.00
94     215.     81.  1.00 0.00
95     242.     79.  1.00 0.00
96     260.     78.  1.00 0.00
97     252.     77.  1.00 0.00
98     238.     75.  1.00 0.00
99     199.     72.  1.00 0.00
100    191.     72.  1.00 0.00
101    171.     65.  1.00 0.00
102    199.     65.  1.00 0.00
103    216.     64.  1.00 0.00
104    240.     64.  1.00 0.00
