1      164.    341.  1.00 0.00
2      166.    333.  1.00 0.00
3      224.    326.  1.00 0.00
4      328.    333.  1.00 0.00
5      161.    290.  1.00 0.00
6      151.    285.  1.00 0.00
7      184.    283.  1.00 0.00
8      267.    281.  1.00 0.00
9      269.    276.  1.00 0.00
10     182.    270.  1.00 0.00
11     140.    269.  1.00 0.00
12     176.    260.  1.00 0.00
13     211.    259.  1.00 0.00
14     197.    252.  1.00 0.00
15     224.    250.  1.00 0.00
16     141.    242.  1.00 0.00
17     170.    236.  1.00 0.00
18     235.    236.  1.00 0.00
19     190.    232.  1.00 0.00
20     186.    229.  1.00 0.00
21     195.    227.  1.00 0.00
22     189.    224.  1.00 0.00
23     165.    226.  1.00 0.00
24     148.    224.  1.00 0.00
25     234.    231.  1.00 0.00
26     243.    229.  1.00 0.00
27     229.    228.  1.00 0.00
28     235.    226.  1.00 0.00
29     222.    226.  1.00 0.00
30     231.    222.  1.00 0.00
31     232.    219.  1.00 0.00
32     176.    222.  1.00 0.00
33     163.    219.  1.00 0.00
34     190.    218.  1.00 0.00
35     118.    222.  1.00 0.00
36     234.    209.  1.00 0.00
37     237.    205.  1.00 0.00
38     143.    200.  1.00 0.00
39     143.    197.  1.00 0.00
40     151.    193.  1.00 0.00
41     169.    195.  1.00 0.00
42     194.    195.  1.00 0.00
43     232.    191.  1.00 0.00
44     210.    188.  1.00 0.00
45     200.    187.  1.00 0.00
46     227.    184.  1.00 0.00
47     229.    183.  1.00 0.00
48     234.    183.  1.00 0.00
49     239.    186.  1.00 0.00
50     243.    183.  1.00 0.00
51     210.    181.  1.00 0.00
52     238.    163.  1.00 0.00
53     202.    159.  1.00 0.00
54     195.    159.  1.00 0.00
55     155.    155.  1.00 0.00
56     212.    151.  1.00 0.00
57     183.    149.  1.00 0.00
58     309.    145.  1.00 0.00
59     163.    140.  1.00 0.00
60     188.    137.  1.00 0.00
61     218.    136.  1.00 0.00
62     248.    133.  1.00 0.00
63     292.    137.  1.00 0.00
64     293.    136.  1.00 0.00
65     236.    131.  1.00 0.00
66     188.    131.  1.00 0.00
67     154.    128.  1.00 0.00
68     157.    128.  1.00 0.00
69     159.    128.  1.00 0.00
70     173.    129.  1.00 0.00
71     220.    128.  1.00 0.00
72     224.    129.  1.00 0.00
73     228.    129.  1.00 0.00
74     237.    127.  1.00 0.00
75     240.    124.  1.00 0.00
76     143.    111.  1.00 0.00
77     239.    111.  1.00 0.00
78     252.    109.  1.00 0.00
79     259.    104.  1.00 0.00
80     252.    104.  1.00 0.00
81     247.    104.  1.00 0.00
82     190.    104.  1.00 0.00
83     178.    100.  1.00 0.00
84     189.    100.  1.00 0.00
85     178.     96.  1.00 0.00
86     190.     95.  1.00 0.00
87     183.     95.  1.00 0.00
88     187.     93.  1.00 0.00
89     180.     91.  1.00 0.00
90     190.     90.  1.00 0.00
91     187.     87.  1.00 0.00
92     239.     93.  1.00 0.00
93     275.     84.  1.00 0.00
94     215.     81.  1.00 0.00
95     242.     79.  1.00 0.00
96     260.     78.  1.00 0.00
97     252.     77.  1.00 0.00
98     238.     75.  1.00 0.00
99     199.     72.  1.00 0.00
100    191.     72.  1.00 0.00
101    171.     65.  1.00 0.00
102    199.     65.  1.00 0.00
103    216.     64.  1.00 0.00
104    240.     64.  1.00 0.00
