  -8.7545000e+01   4.1757000e+01   2.3875000e+01
  -8.7669000e+01   4.1979000e+01   2.9250000e+01
  -8.7568000e+01   4.1708000e+01   2.1375000e+01
  -8.7726000e+01   4.1739000e+01   2.1875000e+01
  -8.7558000e+01   4.1616000e+01   3.0250000e+01
  -8.7792000e+01   4.1984000e+01   3.2428571e+01
  -8.7990000e+01   4.1668000e+01   3.9500000e+01
  -8.7753000e+01   4.1855000e+01   1.6875000e+01
  -8.7898000e+01   4.2039000e+01   3.6875000e+01
  -8.7676000e+01   4.2062000e+01   3.7000000e+01
  -8.8073000e+01   4.1813000e+01   3.9250000e+01
  -8.8273000e+01   4.2050000e+01   4.2428571e+01
  -8.7865000e+01   4.2177000e+01   3.7000000e+01
  -8.7847000e+01   4.2391000e+01   3.6125000e+01
  -8.7982000e+01   4.2290000e+01   4.0750000e+01
  -8.8241000e+01   4.2221000e+01   4.6250000e+01
  -8.8049000e+01   4.1592000e+01   4.4375000e+01
  -8.7335000e+01   4.1600000e+01   2.2000000e+01
  -8.7501000e+01   4.1639000e+01   3.7500000e+01
  -8.7087000e+01   4.1631000e+01   2.2125000e+01
  -8.7199000e+01   4.1617000e+01   3.7414696e+01
