Quiz1Quiz2Quiz3Quiz4Quiz5Quiz6Quiz7Quiz8Quiz9Quiz10Quiz11Quiz12Drop1Drop2Bonus TotalQ Mid1  Mid2  Total   %
   13   18   20   17   17   18   20   17   20    20    18    16   13   16   26   211   182   188   581    97
   20   20   20   20   20   20   18   18   20    19     0     0    0    0    0   195   179   198   572    95
   13   18   20   10   20   17   20   18   19    19    12    18   10   12   12   194   188   187   569    95
   16   15   20   11   20   17   16   18   18    16    17    15   11   15    4   177   181   192   550    92
   18   20   18   15   20   16   16   18   20     0    13    19    0   13    8   188   171   190   549    92
   17   20   20    4   20   14   19   14   20    20    15    18    4   14   16   199   166   183   548    91
   16   13   20   20   20   19   20   20   20    20    19    20   13   16   18   216   116   194   526    88
   16   20   20   17   12   14   20   18   20    20     0     6    0    6    6   183   172   170   525    88
   18   20   20   13   18   15   19   19   18    20    19    15   13   15    0   186   139   181   506    84
   11   17   20    0   19   19   17   14   19    20    15    18    0   11    9   187   118   197   502    84
   20   20   20   13   15   20   20   17   20    16    17    14   13   14    5   190   134   177   501    84
    0   20   18   16    5   15   20   11   20    14     0    18    0    0    3   160   165   170   495    83
   16   20   20   13   20   13   15    0    0    15    15     0    0    0    0   147   181   163   491    82
    0   17   20   13   19   14   20   18   20    20    10    13    0   10    0   174   138   172   484    81
   16   20   20   10    5   13   18   11   17    12    12    20    5   10    4   163   126   189   478    80
   18   18   20   12   14   17   20   18   15    16    12    14   12   12    5   175   114   181   470    78
   16   18   16    6   16   10   17   10   14    16    12    14    6   10    5   154   143   173   470    78
   18   16   20    8   15   11   20   17   11    18     0    18    0    8    0   164   130   171   465    78
   19   20   16    6   14   11   17   16   19    18    12    20    6   11   15   186   105   170   461    77
   16   20   16    6   20   12   20   12   17    15    11     8    6    8    4   163   117   174   454    76
   16   20   20    4   20    7   20   12    8    16    14    17    4    7    0   163   118   168   449    75
   15   18   20    8   15   10   15   17   18    12    16    16    8   10   14   176   101   172   449    75
   15   12   20   11   13   16    0    8    0    12     0     0    0    0    0   107   153   175   435    73
   16   20   16   12    0   18   20   17   17    12    17    20    0   12    4   177   103   153   433    72
   17   20   20    6   18    5   20   12   16     0    17    19    0    5    3   168    92   172   432    72
   17   20    2    7   13    0   15   14   15    10    13     0    0    0    0   126   149   142   417    70
   16   18   14    2    3    7   12   11   20     9    10     8    2    3    1   126   133   148   407    68
   15   20   20    7    8    0   19   13   11    14    14     2    0    2    2   143    85   157   385    64
   12   13    0    3   14   18    6   13    0    16     8    15    0    0    3   121   108   140   369    62
   18   20   13    9   11   12   16    7   12    16     8     4    4    7    0   135    80   134   349    58
    0    0    0    0   10    0    7    0    0     0     0     0    0    0    0    17   142   147   306    51
   15    8   20    5   10    8   17    9    0     5     4     0    0    0    0   101   116    85   302    50
   10   18   20    0   15    0   20   15    2     0     0     0    0    0    0   100    76    87   263    44
   18    0    0    0    0    0    0    0    0     0     0     0    0    0    0    18   142     0   160    27
   19   18    0    0    7   10    0    0    0     0     0     0    0    0    0    54    90     0   144    24
   15   20   20    5   10    0    0    0    0     0     0     0    0    0    0    70    70     0   140    23
   16    0    6    3    7    0    0    0    0     0     0     0    0    0    0    32    43     0    75    13
   11   16   20    7    0    0    0    0    0     0     0     0    0    0    0    54     0     0    54     9
   16   15    0    0    5    0    0    0    0     0     0     0    0    0    0    36     0     0    36     6
   18    0    0    0    0    0    0    0    0     0     0     0    0    0    0    18     0     0    18     3
   16    0    0    0    0    0    0    0    0     0     0     0    0    0    0    16     0     0    16     3
    0    0    0    0    0    0    0    0    0     0     0     0    0    0    0     0     0     0     0     0
    0    0    0    0    0    0    0    0    0     0     0     0    0    0    0     0     0     0     0     0
    0    0    0    0    0    0    0    0    0     0     0     0    0    0    0     0     0     0     0     0
