Quiz1Quiz2Quiz3Quiz4Quiz5Quiz6Quiz7Quiz8Quiz9Quiz10Quiz11Quiz12Drop1Drop2BonusTotalQ Mid1 Mid2   F1   F2   F3   F4   F5   F6   F7   F8   F9   F10 Ftot Total  %  Grade
   16   20   20   14   20   20   18   20   20    20    20    19   14   16    6   203  188  195   20   24   15   22   40   16   68   64   40   44  353  939   94A
   17   19   17    9   19   18   20   20   20    16    19    15    9   15   14   199  196  192   20   22   15   29   40   16   57   52   48   40  339  926   93A
   17   16   18   10   20   20   17   18   20    20    18    10   10   10    0   184  168  186   20   22   20   32   40   16   58   54   47   50  359  897   90A
   20   18   20   15   18    0   20   20   20     0    19    19    0    0    9   198  168  198    1   22    5   16   40   14   68   51   47   58  322  886   89A-
   15   20   20   18   20   17   20   18   20    20    18    19   15   17    5   198  157  195   10   24    8   20   40   16   67   58   48   43  334  884   88A-
   16   20   20   18   17   13   17   17   20    19     0     8    0    8    0   177  161  186   20   22   20   24   39   12   62   50   47   41  337  861   86B+
   19   20   20   10   20   19   20    0   14    16    19    16    0   10    2   185  140  196   10   20   15   20   40   12   61   55   48   52  333  854   85B+
   16   20   20   13   17    0   20   16   20    20    13    20    0   13    9   191  156  186   20   24   20   26    1   16   65   55   48   40  315  848   85B+
   13   20   20   19   18    9   20   18   20    16    19    15    9   13    0   185  161  191   20   24   15    8   40   16   52   53   22   58  308  845   85B+
   19   18   12    6   13   17   19   13   17    19    17    12    6   12    0   164  130  178   20   22   20   23   40   16   64   60   48   54  367  839   84B+
   20   16   20   10   20   18    0    0    0    18    19    18    0    0    2   161  120  174   20   24   20   32   40   16   64   49   48   60  373  828   83B+
   19    0   20    9    0   20   20   18   16    15    16    10    0    0    6   169  139  178   10   24   20   32   40   16   57   45   46   43  333  819   82B+
   18   18   20   12   18   17   20   18   15    16    18     0    0   12    0   178  124  198   20   24   20   22   34   16   61   47   29   38  311  811   81B
   14   20   20   19   20   20   19   16    0    20    19    18    0   14    1   192  138  194   15   22    5   32   35   16   42   36   46   32  281  805   81B
   19    0    0   10    0   10   15   13   17    17    11    16    0    0    1   129  195  172   20   24    5   16   38   14   58   48   44   41  308  804   80B
   17    0   20   10   14    8   20   18   20    12     0    19    0    0    5   163  149  187   20   24   20   10   16   16   54   52   29   56  297  796   80B
   16   16   20   17    8   15   19   19   16    19    15    18    8   15    4   179  159  175   20   24   10   32   15    4   60   61   12   43  281  794   79B
   12   20   20    7   17   16   19    6    0    11    14    18    0    6    0   154  137  169   20   24   18   30   25   14   61   43   45   44  324  784   78B
   11   20   20   10   13   15   20   12   15    16    17    16   10   11   13   177   91  189   10   22   15   16   35   16   54   46   48   57  319  776   78B
   16   16   18    7    0   18   20   18    9    16    13    11    0    7    6   161  160  157   20   24   15   24   40   16   34   40   33   44  290  768   77B
   17   20   14    4   19   11   20   18   10    19    19    12    4   10    3   172  111  176   10   24   20   18   10   16   52   51   48   45  294  753   75B-
   16   20   20    9   18    0   16   14   12    18    15     6    0    6    5   163  132  159   20   24   15   10   18   16   53   43   47   44  290  744   74B-
   16   13   20    6   14   18   13   13   16    18    13    11    6   11    5   159  109  172   10   22   20    6    5   16   58   53   42   55  287  727   73B-
   13   10   20   11    7   12   10   16   18    16    14     9    7    9    4   144  130  170   10   24   18    8   38   16   49   34   13   48  258  702   70C+
   13   20   14    9   20   10   15   10   14    18    14     9    9    9    1   149   83  186   20   22   20   20   25   16   44   36   25   43  271  689   69C+
   10   18   16   13   18   14   20   16   17    14    13     6    6   10    2   161   53  172   20   22    5   25   35   16   54   24   46   42  289  675   68C+
   16   16   20    2   13   20   15    9   13    13    20    14    2    9    2   162   98  170   20   22    7   14    7    6   46   14   48   30  214  644   64C
   13   10   18    8   10   16   16   18   11    14     5     5    5    5    0   134  138  132   18   24   20   12   30   16   24   38   12   21  215  619   62C
   17   16   20    6    7   12   15   13   17    12    15     7    6    7    0   144   94  127   10   18   15   10    1    6   34   37   44   57  232  597   60C-
   20   20   16   13   18    9   20   17   13    15    15    10    9   10    5   172   44  144   15    6   15    8   34    4   25   25   44   42  218  578   58C-
   10   15   10   10    3    8   12    4    3    10    13     6    3    3    0    98  122  145   10   22   15   16    1    8   38   28   32   41  211  576   58C-
   13   20   16    7    2   15    0    0    0     0     0     0    0    0    0    73   90    0    0    0    0    0    0    0    0    0    0    0    0  163   16F
   16   16    0    5   14   10    0    0    0     0     0     0    0    0    0    61   66    0    0    0    0    0    0    0    0    0    0    0    0  127   13F
    0    0    0    0    0    0    0    0    0     0     0     0    0    0    0     0   53    0    0    0    0    0    0    0    0    0    0    0    0   53    5F
   16    0    0    0    0    0    0    0    0     0     0     0    0    0    0    16    0    0    0    0    0    0    0    0    0    0    0    0    0   16    2F
   13    0    0    0    0    0    0    0    0     0     0     0    0    0    0    13    0    0    0    0    0    0    0    0    0    0    0    0    0   13    1F
    0   13    0    0    0    0    0    0    0     0     0     0    0    0    0    13    0    0    0    0    0    0    0    0    0    0    0    0    0   13    1F
    0    0    0    0    0    0    0    0    0     0     0     0    0    0    0     0    0    0    0    0    0    0    0    0    0    0    0    0    0    0    0F
    0    0    0    0    0    0    0    0    0     0     0     0    0    0    0     0    0    0    0    0    0    0    0    0    0    0    0    0    0    0    0F
    0    0    0    0    0    0    0    0    0     0     0     0    0    0    0     0    0    0    0    0    0    0    0    0    0    0    0    0    0    0    0F
    0    0    0    0    0    0    0    0    0     0     0     0    0    0    0     0    0    0    0    0    0    0    0    0    0    0    0    0    0    0    0F
