Quiz1Quiz2Quiz3Quiz4Quiz5Quiz6Quiz7Quiz8Quiz9Quiz10Quiz11Quiz12Drop1Drop2Bonus TotalQ Mid1 Mid2  F1  F2  F3  F4  F5  F6  F7  F8  F9 F10 FtotTotal %  Grade
   13   18   20   17   17   18   20   17   20    20    18    16   13   16   26    211  182  188  20  24  15  32  40  16  56  50  47  48 348 929  93A
   18   20   18   15   20   16   16   18   20     0    13    19    0   13    8    188  171  190  10  24  20  32  40  16  61  52  44  50 349 898  90A
   16   13   20   20   20   19   20   20   20    20    19    20   13   16   18    216  116  194  20  24  20  32  35  16  60  53  41  49 350 876  88A-
   16   15   20   11   20   17   16   18   18    16    17    15   11   15    4    177  181  192  20  24  20  26  40  16  60  20  48  48 322 872  87A-
   13   18   20   10   20   17   20   18   19    19    12    18   10   12   12    194  188  187  20  24  20  12   1  16  62  46  45  54 300 869  87A-
   20   20   20   20   20   20   18   18   20    19     0     0    0    0    0    195  179  198  10  24  15  32  40  16  64  51  14  16 282 854  85B+
   17   20   20    4   20   14   19   14   20    20    15    18    4   14   16    199  166  183  10  22   5  24  35  16  52  41  39  56 300 848  85B+
   20   20   20   13   15   20   20   17   20    16    17    14   13   14    5    190  134  177  10  22  20  32  30  16  49  43  48  50 320 821  82B+
   16   20   20   13   20   13   15    0    0    15    15     0    0    0    0    147  181  163  20  22  20  32  40  16  64  51  18  42 325 816  82B+
   11   17   20    0   19   19   17   14   19    20    15    18    0   11    9    187  118  197  10  24  10  22  31  16  60  41  48  44 306 808  81B
   18   18   20   12   14   17   20   18   15    16    12    14   12   12    5    175  114  181  20  24  20  16  39  16  55  49  48  50 337 807  81B
   16   20   20   10    5   13   18   11   17    12    12    20    5   10    4    163  126  189  20  24  20  14  40  16  59  40  27  57 317 795  80B
   18   20   20   13   18   15   19   19   18    20    19    15   13   15    0    186  139  181  10  24  20   8  40  16  48  53  32  33 284 790  79B
   19   20   16    6   14   11   17   16   19    18    12    20    6   11   15    186  105  170  18  24  18   8  40  16  54  48  44  58 328 789  79B
   16   18   16    6   16   10   17   10   14    16    12    14    6   10    5    154  143  173  20  24   5  24  15   8  57  58  46  51 308 778  78B
   16   20   20   17   12   14   20   18   20    20     0     6    0    6    6    183  172  170  10  22  20  20  15  16  66  24  21  32 246 771  77B
   16   20   20    4   20    7   20   12    8    16    14    17    4    7    0    163  118  168  10  22  18  28  40  12  56  42  30  55 313 762  76B-
   18   16   20    8   15   11   20   17   11    18     0    18    0    8    0    164  130  171  18  22   2  32  40  16  42  27  36  57 292 757  76B-
    0   17   20   13   19   14   20   18   20    20    10    13    0   10    0    174  138  172  10  24  10  22  40  16  38  49  10  49 268 752  75B-
   16   20   16    6   20   12   20   12   17    15    11     8    6    8    4    163  117  174  10  22   7  11  40  16  53  48  47  39 293 747  75B-
   15   18   20    8   15   10   15   17   18    12    16    16    8   10   14    176  101  172  10   6  10  12  34  16  59  47  46  52 292 741  74B-
    0   20   18   16    5   15   20   11   20    14     0    18    0    0    3    160  165  170  20  20   5  18  40  16  64  29   6  24 242 737  74B-
   17   20   20    6   18    5   20   12   16    16    17    19    5    6    3    178   92  172  20  24  20   4   1   8  63  41  47  49 277 719  72B-
   16   20   16   12    0   18   20   17   17    12    17    20    0   12    4    177  103  153  20  18  10  30   1  16  30  33  18  36 212 645  65C
   17   20    2    7   13    0   15   14   15    10    13     0    0    0    0    126  149  142  20  22  15  22  10  16  25  25  41  26 222 639  64C
   12   13    0    3   14   18    6   13    0    16     8    15    0    0    3    121  108  140  10   6  15  10  35  16  43  39  44  46 264 633  63C
   15   20   20    7    8    0   19   13   11    14    14     2    0    2    2    143   85  157  20   4  15  16  35  12  32  44  48  16 242 627  63C
   16   18   14    2    3    7   12   11   20     9    10     8    2    3    1    126  133  148  10  22  15  24   1   4  25  28  16  49 194 601  60C-
   15   12   20   11   13   16    0    8    0    12     0     0    0    0    0    107  153  175  20  20   5  20   1  16  48  20   3   3 156 591  59C-
   18   20   13    9   11   12   16    7   12    16     8     4    4    7    0    135   80  134  20  22   0  32   0  16  28  22  15  18 173 522  52D+
   15    8   20    5   10    8   17    9    0     5     4     0    0    0    0    101  116   85  10  22  10   8   1  16  25   0   2   2  96 398  40F
    0    0    0    0   10    0    7    0    0     0     0     0    0    0    0     17  142  147   0   0   0   0   0   0   0   0   0   0   0 306  31F
   10   18   20    0   15    0   20   15    2     0     0     0    0    0    0    100   76   87   0   0   0   0   0   0   0   0   0   0   0 263  26F
   18    0    0    0    0    0    0    0    0     0     0     0    0    0    0     18  142    0   0   0   0   0   0   0   0   0   0   0   0 160  16F
   19   18    0    0    7   10    0    0    0     0     0     0    0    0    0     54   90    0   0   0   0   0   0   0   0   0   0   0   0 144  14F
   15   20   20    5   10    0    0    0    0     0     0     0    0    0    0     70   70    0   0   0   0   0   0   0   0   0   0   0   0 140  14F
   16    0    6    3    7    0    0    0    0     0     0     0    0    0    0     32   43    0   0   0   0   0   0   0   0   0   0   0   0  75   8F
   11   16   20    7    0    0    0    0    0     0     0     0    0    0    0     54    0    0   0   0   0   0   0   0   0   0   0   0   0  54   5F
   16   15    0    0    5    0    0    0    0     0     0     0    0    0    0     36    0    0   0   0   0   0   0   0   0   0   0   0   0  36   4F
   18    0    0    0    0    0    0    0    0     0     0     0    0    0    0     18    0    0   0   0   0   0   0   0   0   0   0   0   0  18   2F
   16    0    0    0    0    0    0    0    0     0     0     0    0    0    0     16    0    0   0   0   0   0   0   0   0   0   0   0   0  16   2F
    0    0    0    0    0    0    0    0    0     0     0     0    0    0    0      0    0    0   0   0   0   0   0   0   0   0   0   0   0   0   0F
    0    0    0    0    0    0    0    0    0     0     0     0    0    0    0      0    0    0   0   0   0   0   0   0   0   0   0   0   0   0   0F
    0    0    0    0    0    0    0    0    0     0     0     0    0    0    0      0    0    0   0   0   0   0   0   0   0   0   0   0   0   0   0F
