QuizQuiz2QuizQuizQuizQuizQuizQuizQuizQuiz1Quiz1Quiz1Drop1Drop2Bonus TotalQ Mid1 Mid2 Total  %
  17   19  17   9  19  18  20  20  20   16   19   15    9   15   14  199   196  192  587   98
  16   20  20  14  20  20  18  20  20   20   20   19   14   16    6  203   188  195  586   98
  20   18  20  15  18   0  20  20  20    0   19   19    0    0    9  198   168  198  564   94
  15   20  20  18  20  17  20  18  20   20   18   19   15   17    5  198   157  195  550   92
  17   16  18  10  20  20  17  18  20   20   18   10   10   10    0  184   168  186  538   90
  13   20  20  19  18   9  20  18  20   16   19   15    9   13    0  185   161  191  537   90
  16   20  20  13  17   0  20  16  20   20   13   20    0   13    9  191   156  186  533   89
  14   20  20  19  20  20  19  16   0   20   19   18    0   14    1  192   138  194  524   87
  16   20  20  18  17  13  17  17  20   19    0    8    0    8    0  177   161  186  524   87
  19   20  20  10  20  19  20   0  14   16   19   16    0   10    2  185   140  196  521   87
  16   16  20  17   8  15  19  19  16   19   15   18    8   15    4  179   159  175  513   86
  18   18  20  12  18  17  20  18  15   16   18    0    0   12    0  178   124  198  500   83
  17    0  20  10  14   8  20  18  20   12    0   19    0    0    5  163   149  187  499   83
  19    0   0  10   0  10  15  13  17   17   11   16    0    0    1  129   195  172  496   83
  19    0  20   9   0  20  20  18  16   15   16   10    0    0    6  169   139  178  486   81
  16   16  18   7   0  18  20  18   9   16   13   11    0    7    6  161   160  157  478   80
  19   18  12   6  13  17  19  13  17   19   17   12    6   12    0  164   130  178  472   79
  12   20  20   7  17  16  19   6   0   11   14   18    0    6    0  154   137  169  460   77
  17   20  14   4  19  11  20  18  10   19   19   12    4   10    3  172   111  176  459   77
  11   20  20  10  13  15  20  12  15   16   17   16   10   11   13  177    91  189  457   76
  20   16  20  10  20  18   0   0   0   18   19   18    0    0    2  161   120  174  455   76
  16   20  20   9  18   0  16  14  12   18   15    6    0    6    5  163   132  159  454   76
  13   10  20  11   7  12  10  16  18   16   14    9    7    9    4  144   130  170  444   74
  16   13  20   6  14  18  13  13  16   18   13   11    6   11    5  159   109  172  440   73
  16   16  20   2  13  20  15   9  13   13   20   14    2    9    2  162    98  170  430   72
  13   20  14   9  20  10  15  10  14   18   14    9    9    9    1  149    83  186  418   70
  13   10  18   8  10  16  16  18  11   14    5    5    5    5    0  134   138  132  404   67
  10   18  16  13  18  14  20  16  17   14   13    6    6   10    2  161    53  172  386   64
  10   15  10  10   3   8  12   4   3   10   13    6    3    3    0   98   122  145  365   61
  17   16  20   6   7  12  15  13  17   12   15    7    6    7    0  144    94  127  365   61
  20   20  16  13  18   9  20  17  13   15   15   10    9   10    5  172    44  144  360   60
  13   20  16   7   2  15   0   0   0    0    0    0    0    0    0   73    90    0  163   27
  16   16   0   5  14  10   0   0   0    0    0    0    0    0    0   61    66    0  127   21
   0    0   0   0   0   0   0   0   0    0    0    0    0    0    0    0    53    0   53    9
  16    0   0   0   0   0   0   0   0    0    0    0    0    0    0   16     0    0   16    3
  13    0   0   0   0   0   0   0   0    0    0    0    0    0    0   13     0    0   13    2
   0   13   0   0   0   0   0   0   0    0    0    0    0    0    0   13     0    0   13    2
   0    0   0   0   0   0   0   0   0    0    0    0    0    0    0    0     0    0    0    0
   0    0   0   0   0   0   0   0   0    0    0    0    0    0    0    0     0    0    0    0
   0    0   0   0   0   0   0   0   0    0    0    0    0    0    0    0     0    0    0    0
   0    0   0   0   0   0   0   0   0    0    0    0    0    0    0    0     0    0    0    0
